13567,16,173,106,2,188,8038,1790,469,812,8,135,9,13263,17,15,263,2,31,150,424,136,490,1044,3,90,183,922,15067,5849,0,30,165,579,68,582,86,550,87,119,47,9,122,4,55,16,60,14,0,36,1,10,25,0,15,173,47,120,34,0,37,1,77,5,11,0,0,0,28,9,18,20,304,1,1,19,154,88,76,0,0,6,30,17
16,7791,413,3,0,2,60,6,680,1,50,1,80,17,3,346,302,14,69,0,106,4935,413,702,1766,589,11856,164,30,89,18,0,8,162,32,307,462,406,137,27,11,18,97,294,142,70,8,4,1,2,761,277,0,0,0,11,1,7,1,11,2,6,5,0,48,82,26,85,1,22,153,117,18,27,545,2122,8,9,21,1,0,0,49,23
173,413,44997,6,0,9,902,72,59,45,86,3,74,178,0,342,3215,42,420,4,2148,620,22292,191,34,15822,23207,1234,180,1841,9,2,13,1391,245,2128,3241,3910,1198,189,83,31,222,506,302,191,24,12,0,14,188,791,0,0,1,59,6,17,2,8,2,12,7,0,268,150,11,65,0,56,215,589,56,9,455,2757,52,12,59,2,0,2,82,157
106,3,6,23619,5,230,1005,345,874,6875,4,2316,2,373,69,3,2,0,1,27257,22,21,29,5251,0,8,12,15889,323,53,0,9,37,90,37,287,24,158,22,265,32,5,27,0,13,4,196,8,0,22,1,0,229,0,57,177,83,255,216,0,226,0,66,43,1,0,0,0,190,1,11,3,507,0,0,2,156,28,12,0,1,0,8,5
2,0,0,5,5974,3449,8,2278,26,12,13,41,8,224,2635,0,0,1,1,0,1,0,0,7,0,2,0,4,801,5,0,4289,0,985,5,30,4,107,10,6226,4388,11,0,0,0,1,0,0,0,0,0,0,0,0,0,2,0,0,1,0,1,0,0,0,0,0,0,0,0,0,0,0,1,0,0,0,0,0,0,0,0,0,0,1
188,2,9,230,3449,86004,2659,38762,186,33481,66,13940,43,4817,3527,1,9,4,11,1690,40,4,43,863,3,19,15,477,2711,86,1,1814,16,1170,46,692,52,825,58,6545,1684,59,21,0,16,6,56,3,1,11,1,0,48,0,13,81,37,64,55,0,87,1,27,12,0,1,0,0,43,2,4,1,149,0,0,1,75,24,15,0,0,3,10,10
8038,60,902,1005,8,2659,98727,5808,2378,20802,18,496,43,13266,89,163,391,4,36,573,3114,588,3292,7415,7,279,633,31154,4947,21557,0,65,481,1280,376,2789,381,2128,390,827,266,17,609,50,304,102,306,62,3,228,3,36,233,1,133,911,342,743,275,3,300,0,467,43,97,5,0,0,248,60,98,140,1592,1,4,93,736,455,384,0,3,41,161,111
1790,6,72,345,2278,38762,5808,125089,622,13331,100,4040,82,47517,1181,10,85,11,20,1327,221,87,253,2384,8,78,81,1304,5684,888,0,3551,98,1903,91,1021,116,1327,131,3685,3181,120,118,2,79,24,129,10,0,64,2,5,141,1,64,338,125,226,161,3,168,0,140,30,4,0,1,0,149,7,16,12,503,0,1,12,242,112,76,0,0,9,27,19
469,680,59,874,26,186,2378,622,19987,546,12,2348,25,966,3527,246,40,0,11,416,233,7087,304,21376,114,55,644,3522,1323,1283,2,11,246,460,187,1485,195,862,131,4040,108,5,426,44,245,76,713,38,4,177,24,38,504,3,120,865,215,3279,402,9,627,3,297,245,80,8,1,0,418,92,357,101,2434,2,13,76,822,373,424,0,3,58,152,106
812,1,45,6875,12,33481,20802,13331,546,138992,17,14899,36,8327,142,10,23,1,3,19082,136,61,187,2438,0,40,56,9474,2363,236,1,87,118,756,127,1414,98,1057,113,1224,271,22,86,4,50,21,231,12,0,51,3,2,222,3,67,318,144,257,279,1,334,0,124,54,2,0,0,0,263,3,18,8,592,0,2,8,277,76,49,0,1,7,22,21
8,50,86,4,13,66,18,100,12,17,76371,20,38454,183,1,5,468,12881,7692,11,23,28,70,15,7339,17367,3102,19,285,25,5736,53,5,12469,39,363,7643,17982,600,59,53,4115,21,657,256,32,2,2,28,2,62,8,0,0,1,1,6,3,0,1436,1,1338,3,1,2,6,271,71,0,0,9,6,0,1515,848,1185,1,5,1,157,2,0,80,12
135,1,3,2316,41,13940,496,4040,2348,14899,20,73590,17,1998,3792,2,5,1,3,29471,9,8,11,1612,0,8,4,890,1003,37,0,69,20,488,31,665,29,485,39,6105,145,16,14,2,8,5,356,3,0,8,0,0,125,1,32,91,51,161,117,0,282,0,26,99,1,0,0,0,150,1,3,2,265,0,0,0,69,11,4,0,0,1,8,8
9,80,74,2,8,43,43,82,25,36,38454,17,44960,93,3,28,94,885,463,10,109,62,269,58,11866,4001,6395,74,175,77,4916,39,16,3239,205,3249,6279,7114,1201,424,2297,7619,97,574,262,53,10,11,69,2,62,11,0,0,2,6,5,11,1,1360,1,1503,7,0,23,6,203,45,0,3,12,20,15,1490,692,949,13,11,9,129,3,0,70,108
13263,17,178,373,224,4817,13266,47517,966,8327,183,1998,93,75978,272,30,214,14,52,1001,458,146,547,2718,12,146,204,2066,23448,2970,5,2794,318,3781,176,1635,194,2287,189,2375,2241,116,172,14,120,38,135,30,1,83,2,7,107,0,41,424,151,318,162,5,162,1,164,24,18,0,0,0,108,17,32,16,650,1,4,28,297,182,137,0,1,17,42,43
17,3,0,69,2635,3527,89,1181,3527,142,1,3792,3,272,7281,1,2,0,3,84,1,36,5,383,1,2,6,114,133,19,0,21,10,59,3,66,5,49,2,14156,388,2,7,1,2,1,48,1,1,3,0,0,14,2,7,14,6,33,13,0,24,0,8,16,2,0,0,0,16,1,1,1,41,0,0,1,19,3,3,0,0,0,2,3
15,346,342,3,0,1,163,10,246,10,5,2,28,30,1,34013,146,4,19,4,4809,7225,17211,2827,27,145,9445,2119,49,327,1,0,12,334,234,1528,1378,1146,520,181,42,11,428,354,360,234,44,24,0,19,27,227,1,0,4,154,6,80,6,5,2,1,25,1,1455,34,1,8,0,264,597,2058,185,1,47,718,182,34,166,0,0,7,136,160
263,302,3215,2,0,9,391,85,40,23,468,5,94,214,2,146,26341,160,5757,1,1865,239,11256,117,39,6774,6967,399,404,2149,24,3,34,5417,165,1275,2427,4188,893,98,68,16,118,271,158,86,14,10,0,2,150,310,2,0,0,26,6,12,0,16,0,7,3,0,74,65,9,59,0,24,69,153,22,18,412,1455,18,4,24,2,0,3,39,97
2,14,42,0,1,4,4,11,0,1,12881,1,885,14,0,4,160,10878,8554,0,2,9,42,6,399,9093,1128,6,23,15,347,3,1,1108,11,167,2121,2934,174,4,7,74,8,132,75,14,2,0,4,0,22,4,0,0,0,0,1,0,0,145,1,137,0,0,1,3,91,35,0,0,2,2,0,171,314,408,0,1,0,19,0,0,23,14
31,69,420,1,1,11,36,20,11,3,7692,3,463,52,3,19,5757,8554,26810,2,125,36,493,14,250,12086,3177,47,95,179,179,10,4,5042,80,832,3376,6503,805,29,39,48,35,247,111,38,3,1,4,0,79,52,0,0,1,2,1,3,0,94,0,59,1,0,12,14,112,96,0,2,8,25,2,159,594,931,2,1,5,20,0,0,35,53
150,0,4,27257,0,1690,573,1327,416,19082,11,29471,10,1001,84,4,1,0,2,18758,17,6,20,3405,0,2,10,4718,628,40,0,25,30,210,49,460,34,301,28,492,82,5,54,2,19,6,224,6,1,20,0,0,211,1,71,187,72,213,191,1,333,0,85,64,1,0,0,0,235,1,14,2,418,0,0,2,174,39,13,0,0,3,10,9
424,106,2148,22,1,40,3114,221,233,136,23,9,109,458,1,4809,1865,2,125,17,81471,1331,37294,1222,9,717,1830,15837,680,26923,2,3,108,7029,949,4000,1343,6007,1323,598,194,46,291,123,168,182,57,26,1,52,11,95,2,1,5,156,15,123,1,2,4,4,51,3,353,15,2,6,4,149,254,363,269,0,22,288,161,116,205,0,0,13,87,414
136,4935,620,21,0,4,588,87,7087,61,28,8,62,146,36,7225,239,9,36,6,1331,17222,3902,11114,419,295,8519,1954,340,838,4,2,86,529,339,1831,1222,1477,554,238,70,13,483,374,366,222,56,26,1,34,56,301,10,0,5,169,28,189,11,8,10,6,46,4,1254,52,2,15,4,243,1372,1400,311,6,79,1184,230,67,218,0,0,15,180,205
490,413,22292,29,0,43,3292,253,304,187,70,11,269,547,5,17211,11256,42,493,20,37294,3902,154263,1484,28,4385,25513,8593,742,9389,8,11,117,7284,1635,8812,6931,12690,4273,1358,372,91,796,930,790,593,132,51,2,30,89,874,2,1,5,310,21,157,12,10,3,9,41,3,2501,120,7,29,4,356,901,4040,291,4,199,2512,265,63,261,0,0,13,243,913
1044,702,191,5251,7,863,7415,2384,21376,2438,15,1612,58,2718,383,2827,117,6,14,3405,1222,11114,1484,76219,94,113,1396,24980,3006,2878,3,29,570,1222,484,3749,573,2039,358,1505,286,18,1134,125,621,192,717,138,5,409,23,59,609,6,224,1842,609,1861,677,14,789,9,881,165,307,12,1,2,626,184,310,329,3288,1,14,149,1513,786,756,0,9,87,351,220
3,1766,34,0,0,3,7,8,114,0,7339,0,11866,12,1,27,39,399,250,0,9,419,28,94,10615,1719,7732,21,16,11,761,1,1,443,9,118,2978,1884,143,5,7,3227,30,962,377,35,4,2,67,0,233,6,0,0,1,2,3,5,1,1763,0,1446,2,1,5,15,393,149,0,1,10,15,2,2540,1405,2077,1,11,4,157,1,0,133,6
90,589,15822,8,2,19,279,78,55,40,17367,8,4001,146,2,145,6774,9093,12086,2,717,295,4385,113,1719,127174,46585,314,236,856,6009,15,13,5767,262,3011,12167,13513,2114,135,150,227,259,1403,723,224,17,11,7,3,447,442,1,1,0,13,2,9,0,630,1,472,7,0,76,158,497,578,0,18,85,175,12,822,3433,5560,20,10,24,77,0,1,238,211
183,11856,23207,12,0,15,633,81,644,56,3102,4,6395,204,6,9445,6967,1128,3177,10,1830,8519,25513,1396,7732,46585,221812,1592,270,1386,2989,5,46,5402,794,6798,16743,15810,3966,526,358,251,1325,4543,2367,1005,81,66,25,19,2590,3338,3,0,6,216,10,73,9,825,6,551,23,1,1078,940,801,1368,1,206,1173,2401,101,1356,8644,22335,172,36,207,95,3,5,797,613
922,164,1234,15889,4,477,31154,1304,3522,9474,19,890,74,2066,114,2119,399,6,47,4718,15837,1954,8593,24980,21,314,1592,98325,2586,17515,1,32,512,1791,663,4593,979,3255,680,960,319,22,960,144,507,173,511,120,6,373,16,73,418,2,174,1596,481,1213,471,3,500,4,673,86,281,11,0,2,385,127,266,365,2458,1,13,197,1238,799,767,0,6,105,286,230
15067,30,180,323,801,2711,4947,5684,1323,2363,285,1003,175,23448,133,49,404,23,95,628,680,340,742,3006,16,236,270,2586,122853,11346,6,3624,10728,11938,471,3667,341,6361,565,2143,3173,125,365,42,163,79,141,46,0,144,7,16,71,1,37,532,159,403,100,4,101,5,226,16,40,2,0,3,88,21,57,36,902,2,4,39,417,277,254,0,0,33,101,171
5849,89,1841,53,5,86,21557,888,1283,236,25,37,77,2970,19,327,2149,15,179,40,26923,838,9389,2878,11,856,1386,17515,11346,84613,2,15,1073,8897,577,3199,694,4873,797,416,226,32,429,94,251,111,126,37,2,138,12,65,23,0,27,466,113,353,49,4,54,0,221,4,131,7,1,1,28,84,162,218,859,1,26,222,468,307,375,0,1,56,124,229
0,18,9,0,0,1,0,0,2,1,5736,0,4916,5,0,1,24,347,179,0,2,4,8,3,761,6009,2989,1,6,2,2593,0,0,316,2,54,1047,1038,74,1,3,160,2,114,61,5,0,3,12,0,12,1,0,0,0,0,1,1,0,263,0,219,0,0,0,3,53,19,0,0,2,1,0,222,201,308,0,2,0,18,1,0,22,3
30,0,2,9,4289,1814,65,3551,11,87,53,69,39,2794,21,0,3,3,10,25,3,2,11,29,1,15,5,32,3624,15,0,6733,10,3227,14,204,38,550,35,468,6888,46,2,0,2,0,2,0,1,0,0,0,0,0,0,1,0,3,1,2,1,2,0,0,0,0,0,0,1,0,0,1,9,0,0,0,2,0,1,0,0,0,0,6
165,8,13,37,0,16,481,98,246,118,5,20,16,318,10,12,34,1,4,30,108,86,117,570,1,13,46,512,10728,1073,0,10,6164,2337,98,331,48,1437,100,57,74,7,71,6,32,14,16,7,1,27,1,1,7,0,8,88,23,79,12,0,13,1,44,3,7,0,0,0,8,5,3,12,169,0,2,6,77,54,54,0,1,10,8,27
579,162,1391,90,985,1170,1280,1903,460,756,12469,488,3239,3781,59,334,5417,1108,5042,210,7029,529,7284,1222,443,5767,5402,1791,11938,8897,316,3227,2337,48018,522,2935,2931,53363,1956,1249,3533,2425,229,215,196,122,76,22,3,48,53,155,26,0,10,221,43,169,40,99,24,74,80,2,162,31,42,39,19,61,131,236,324,95,284,744,178,118,131,9,0,12,95,253
68,32,245,37,5,46,376,91,187,127,39,31,205,176,3,234,165,11,80,49,949,339,1635,484,9,262,794,663,471,577,2,14,98,522,294644,6645,3200,2550,3363,1503,970,104,2225,2018,1891,3825,1147,412,44,41,37,121,6,0,9,140,31,86,23,63,18,46,56,3,296,86,30,66,5,295,194,748,231,4,234,648,147,134,317,0,3,30,179,53461
582,307,2128,287,30,692,2789,1021,1485,1414,363,665,3249,1635,66,1528,1275,167,832,460,4000,1831,8812,3749,118,3011,6798,4593,3667,3199,54,204,331,2935,6645,26540,31768,9512,5218,11118,4732,1392,1343,708,814,932,586,146,29,237,80,341,96,1,44,843,215,559,183,31,193,94,350,70,632,77,26,59,111,240,424,994,1278,15,268,1184,604,449,604,0,3,49,230,2658
86,462,3241,24,4,52,381,116,195,98,7643,29,6279,194,5,1378,2427,2121,3376,34,1343,1222,6931,573,2978,12167,16743,979,341,694,1047,38,48,2931,3200,31768,27998,40819,13747,1140,1384,3002,601,727,487,842,191,57,25,20,209,437,8,0,2,93,15,75,7,619,11,524,31,2,538,94,133,137,4,112,261,905,154,527,943,2415,121,46,107,38,1,7,149,2008
550,406,3910,158,107,825,2128,1327,862,1057,17982,485,7114,2287,49,1146,4188,2934,6503,301,6007,1477,12690,2039,1884,13513,15810,3255,6361,4873,1038,550,1437,53363,2550,9512,40819,61337,21820,2387,6972,8303,649,657,484,703,201,79,27,103,151,455,33,0,16,434,96,291,64,338,50,343,146,10,515,84,89,109,35,123,325,879,568,321,738,2209,358,209,290,30,1,29,181,1655
87,137,1198,22,10,58,390,131,131,113,600,39,1201,189,2,520,893,174,805,28,1323,554,4273,358,143,2114,3966,680,565,797,74,35,100,1956,3363,5218,13747,21820,1385,3461,2852,863,529,617,612,392,169,62,15,15,46,173,3,0,7,89,12,41,14,32,6,43,24,4,320,38,25,46,3,87,131,470,112,19,172,719,82,46,103,2,0,8,74,2706
119,27,189,265,6226,6545,827,3685,4040,1224,59,6105,424,2375,14156,181,98,4,29,492,598,238,1358,1505,5,135,526,960,2143,416,1,468,57,1249,1503,11118,1140,2387,3461,16280,3585,68,261,159,216,279,449,39,2,40,5,42,115,0,40,207,82,266,120,4,302,7,100,97,82,3,6,11,139,44,46,152,400,1,19,142,165,78,93,0,0,9,51,1693
47,11,83,32,4388,1684,266,3181,108,271,53,145,2297,2241,388,42,68,7,39,82,194,70,372,286,7,150,358,319,3173,226,3,6888,74,3533,970,4732,1384,6972,2852,3585,2827,1122,100,44,52,121,40,18,8,8,1,14,5,0,2,54,19,30,13,2,8,24,30,2,18,7,3,2,9,8,11,30,60,1,4,60,35,15,26,0,0,3,13,376
9,18,31,5,11,59,17,120,5,22,4115,16,7619,116,2,11,16,74,48,5,46,13,91,18,3227,227,251,22,125,32,160,46,7,2425,104,1392,3002,8303,863,68,1122,1905,16,112,34,31,10,3,14,0,6,4,0,0,0,1,0,2,0,217,0,238,1,0,2,1,9,2,0,1,4,9,8,293,63,84,1,2,0,14,0,0,7,86
122,97,222,27,0,21,609,118,426,86,21,14,97,172,7,428,118,8,35,54,291,483,796,1134,30,259,1325,960,365,429,2,2,71,229,2225,1343,601,649,529,261,100,16,21721,32952,9233,6651,9840,2793,551,893,394,1603,192,35,408,2938,1079,1118,844,964,346,2002,1605,61,3208,993,388,992,301,2832,2044,7057,4358,69,3299,8060,3202,2570,4196,24,79,316,2192,4850
4,294,506,0,0,0,50,2,44,4,657,2,574,14,1,354,271,132,247,2,123,374,930,125,962,1403,4543,144,42,94,114,0,6,215,2018,708,727,657,617,159,44,112,32952,37382,46297,16713,986,1706,2942,115,1455,4053,15,15,80,651,264,150,66,11031,39,6121,287,16,2489,2138,3845,4162,25,1118,1772,7966,500,2312,18290,22494,650,415,857,844,61,56,3102,3007
55,142,302,13,0,16,304,79,245,50,256,8,262,120,2,360,158,75,111,19,168,366,790,621,377,723,2367,507,163,251,61,2,32,196,1891,814,487,484,612,216,52,34,9233,46297,65619,24095,2728,7529,8590,1173,786,2474,155,131,931,3534,3045,625,928,15626,606,4707,3500,162,2830,3543,3860,6582,274,5640,1557,12916,2866,1014,14819,16503,2679,8398,6944,652,701,1273,44850,2797
16,70,191,4,1,6,102,24,76,21,32,5,53,38,1,234,86,14,38,6,182,222,593,192,35,224,1005,173,79,111,5,0,14,122,3825,932,842,703,392,279,121,31,6651,16713,24095,2526,1955,3090,477,305,249,1038,38,12,107,1121,341,182,170,817,82,456,447,13,1343,823,386,987,51,1618,660,5191,752,61,2754,5299,821,932,1757,38,33,202,1771,3893
60,8,24,196,0,56,306,129,713,231,2,356,10,135,48,44,14,2,3,224,57,56,132,717,4,17,81,511,141,126,0,2,16,76,1147,586,191,201,169,449,40,10,9840,986,2728,1955,16992,3319,82,319,28,83,322,7417,7633,1094,5830,2769,1411,197,4547,82,1942,18182,271,36,24,43,538,314,230,679,2211,11,124,413,867,1924,422,4,710,66,1295,1181
14,4,12,8,0,3,62,10,38,12,2,3,11,30,1,24,10,0,1,6,26,26,51,138,2,11,66,120,46,37,3,0,7,22,412,146,57,79,62,39,18,3,2793,1706,7529,3090,3319,3297,1068,158,18,63,52,2152,1266,418,4364,104,321,1583,213,689,1650,193,161,48,23,35,97,236,125,560,507,2,116,439,342,4061,306,5,5476,105,1816,671
0,1,0,0,0,1,3,0,4,0,28,0,69,1,1,0,0,4,4,1,1,1,2,5,67,7,25,6,0,2,12,1,1,3,44,29,25,27,15,2,8,14,551,2942,8590,477,82,1068,2543,8,51,6,1,17,32,19,173,5,11,8792,11,6258,80,7,10,6,70,16,4,6,13,28,20,2298,308,241,9,128,14,100,46,3,452,39
36,2,14,22,0,11,228,64,177,51,2,8,2,83,3,19,2,0,0,20,52,34,30,409,0,3,19,373,144,138,0,0,27,48,41,237,20,103,15,40,8,0,893,115,1173,305,319,158,8,14110,13,149,145,5,277,10376,2116,487,567,28,165,15,17230,35,126,46,5,16,152,222,186,424,2287,3,60,138,1734,16385,4800,0,19,477,957,141
1,761,188,1,0,1,3,2,24,3,62,0,62,2,0,27,150,22,79,0,11,56,89,23,233,447,2590,16,7,12,12,0,1,53,37,80,209,151,46,5,1,6,394,1455,786,249,28,18,51,13,9513,467,3,0,3,62,7,633,4,266,7,290,22,15,502,298,250,430,1,78,6916,334,313,3025,2954,21796,67,37,84,43,1,1,321,57
10,277,791,0,0,0,36,5,38,2,8,0,11,7,0,227,310,4,52,0,95,301,874,59,6,442,3338,73,16,65,1,0,1,155,121,341,437,455,173,42,14,4,1603,4053,2474,1038,83,63,6,149,467,53743,9,1,24,2289,91,34,33,38,2,21,181,3,840,5094,72,723,7,1665,664,22833,208,7,14860,19234,1208,85,1508,1,2,5,879,177
25,0,0,229,0,48,233,141,504,222,0,125,0,107,14,1,2,0,0,211,2,10,2,609,0,1,3,418,71,23,0,0,7,26,6,96,8,33,3,115,5,0,192,15,155,38,322,52,1,145,3,9,26886,3,705,705,599,387,11511,8,2925,1,612,151,10,1,1,2,36669,15,6,23,4607,0,1,9,10993,194,41,0,2,4,79,30
0,0,0,0,0,0,1,1,3,3,0,1,0,0,2,0,0,0,0,1,1,0,1,6,0,1,0,2,1,0,0,0,0,0,0,1,0,0,0,0,0,0,35,15,131,12,7417,2152,17,5,0,1,3,6482,9726,16,4229,50,23,24,36,4,1024,4631,1,0,1,2,5,0,1,2,29,0,0,4,10,2605,3,1,4050,2,305,2
15,0,1,57,0,13,133,64,120,67,1,32,2,41,7,4,0,0,1,71,5,5,5,224,1,0,6,174,37,27,0,0,8,10,9,44,2,16,7,40,2,0,408,80,931,107,7633,1266,32,277,3,24,705,9726,101853,1997,30323,128,36710,96,12973,28,4420,8354,9,1,7,4,3141,28,12,46,840,2,32,29,1942,3033,74,4,1839,14,670,44
173,11,59,177,2,81,911,338,865,318,1,91,6,424,14,154,26,0,2,187,156,169,310,1842,2,13,216,1596,532,466,0,1,88,221,140,843,93,434,89,207,54,1,2938,651,3534,1121,1094,418,19,10376,62,2289,705,16,1997,140505,8794,2066,11936,75,412,23,17273,250,925,561,14,116,437,3959,718,7065,11264,7,425,1808,36626,3282,15797,1,47,142,1873,441
47,1,6,83,0,37,342,125,215,144,6,51,5,151,6,6,6,1,1,72,15,28,21,609,3,2,10,481,159,113,1,0,23,43,31,215,15,96,12,82,19,0,1079,264,3045,341,5830,4364,173,2116,7,91,599,4229,30323,8794,140939,379,12713,395,3930,127,43268,1968,95,24,44,25,1567,142,92,293,2496,8,111,137,2467,8543,570,15,5708,51,2576,134
120,7,17,255,0,64,743,226,3279,257,3,161,11,318,33,80,12,0,3,213,123,189,157,1861,5,9,73,1213,403,353,1,3,79,169,86,559,75,291,41,266,30,2,1118,150,625,182,2769,104,5,487,633,34,387,50,128,2066,379,17905,313,20,2662,18,829,3653,465,21,4,12,205,219,7208,250,18185,55,57,542,1819,954,1241,1,5,153,392,129
34,1,2,216,1,55,275,161,402,279,0,117,1,162,13,6,0,0,0,191,1,11,12,677,1,0,9,471,100,49,0,1,12,40,23,183,7,64,14,120,13,0,844,66,928,170,1411,321,11,567,4,33,11511,23,36710,11936,12713,313,162878,53,16266,17,5034,733,31,10,7,10,21379,58,37,97,2380,0,18,56,17789,1216,126,1,45,16,497,96
0,11,8,0,0,0,3,3,9,1,1436,0,1360,5,0,5,16,145,94,1,2,8,10,14,1763,630,825,3,4,4,263,2,0,99,63,31,619,338,32,4,2,217,964,11031,15626,817,197,1583,8792,28,266,38,8,24,96,75,395,20,53,90654,49,34349,344,19,33,239,14848,3701,16,42,59,105,60,5174,26461,4418,30,700,44,6556,143,6,11018,90
37,2,2,226,1,87,300,168,627,334,1,282,1,162,24,2,0,1,0,333,4,10,3,789,0,1,6,500,101,54,0,1,13,24,18,193,11,50,6,302,8,0,346,39,606,82,4547,213,11,165,7,2,2925,36,12973,412,3930,2662,16266,49,86941,7,1655,5279,10,2,3,5,37573,5,24,15,5218,1,13,12,719,656,43,0,30,8,305,48
1,6,12,0,0,1,0,0,3,0,1338,0,1503,1,0,1,7,137,59,0,4,6,9,9,1446,472,551,4,5,0,219,2,1,74,46,94,524,343,43,7,24,238,2002,6121,4707,456,82,689,6258,15,290,21,1,4,28,23,127,18,17,34349,7,59665,83,3,19,16,777,105,5,27,46,69,23,11207,5937,12664,19,182,16,11017,37,3,1410,63
77,5,7,66,0,27,467,140,297,124,3,26,7,164,8,25,3,0,1,85,51,46,41,881,2,7,23,673,226,221,0,0,44,80,56,350,31,146,24,100,30,1,1605,287,3500,447,1942,1650,80,17230,22,181,612,1024,4420,17273,43268,829,5034,344,1655,83,116155,418,166,37,50,26,1072,262,202,535,3889,10,129,203,3243,24348,1775,20,2184,269,3835,218
5,0,0,43,0,12,43,30,245,54,1,99,0,24,16,1,0,0,0,64,3,4,3,165,1,0,1,86,16,4,0,0,3,2,3,70,2,10,4,97,2,0,61,16,162,13,18182,193,7,35,15,3,151,4631,8354,250,1968,3653,733,19,5279,3,418,8026,5,0,2,0,223,5,70,3,948,1,7,16,184,241,15,1,37,1,108,8
11,48,268,1,0,0,97,4,80,2,2,1,23,18,2,1455,74,1,12,1,353,1254,2501,307,5,76,1078,281,40,131,0,0,7,162,296,632,538,515,320,82,18,2,3208,2489,2830,1343,271,161,10,126,502,840,10,1,9,925,95,465,31,33,10,19,166,5,38731,255,11,75,3,4753,9847,14475,7881,28,305,11811,6167,170,1313,1,7,40,1125,746
0,82,150,0,0,1,5,0,8,0,6,0,6,0,0,34,65,3,14,0,15,52,120,12,15,158,940,11,2,7,3,0,0,31,86,77,94,84,38,3,7,1,993,2138,3543,823,36,48,6,46,298,5094,1,0,1,561,24,21,10,239,2,16,37,0,255,17171,198,8678,1,1269,222,10575,71,10,4663,6866,310,62,1032,1,1,2,4453,108
0,26,11,0,0,0,0,1,1,0,271,0,203,0,0,1,9,91,112,0,2,2,7,1,393,497,801,0,0,1,53,0,0,42,30,26,133,89,25,6,3,9,388,3845,3860,386,24,23,70,5,250,72,1,1,7,14,44,4,7,14848,3,777,50,2,11,198,15009,5942,1,18,23,57,9,458,17853,2450,7,82,18,437,7,0,2131,35
0,85,65,0,0,0,0,0,0,0,71,0,45,0,0,8,59,35,96,0,6,15,29,2,149,578,1368,2,3,1,19,0,0,39,66,59,137,109,46,11,2,2,992,4162,6582,987,43,35,16,16,430,723,2,2,4,116,25,12,10,3701,5,105,26,0,75,8678,5942,30071,2,182,92,810,29,153,18337,5579,60,66,196,33,7,4,5597,85
28,1,0,190,0,43,248,149,418,263,0,150,0,108,16,0,0,0,0,235,4,4,4,626,0,0,1,385,88,28,0,1,8,19,5,111,4,35,3,139,9,0,301,25,274,51,538,97,4,152,1,7,36669,5,3141,437,1567,205,21379,16,37573,5,1072,223,3,1,1,2,20823,3,5,15,2620,5,6,5,2555,360,26,0,13,5,150,41
9,22,56,1,0,2,60,7,92,3,0,1,3,17,1,264,24,0,2,1,149,243,356,184,1,18,206,127,21,84,0,0,5,61,295,240,112,123,87,44,8,1,2832,1118,5640,1618,314,236,6,222,78,1665,15,0,28,3959,142,219,58,42,5,27,262,5,4753,1269,18,182,3,65849,1364,33824,1686,4,345,2004,11112,285,22248,1,2,53,6444,848
18,153,215,11,0,4,98,16,357,18,9,3,12,32,1,597,69,2,8,14,254,1372,901,310,10,85,1173,266,57,162,2,0,3,131,194,424,261,325,131,46,11,4,2044,1772,1557,660,230,125,13,186,6916,664,6,1,12,718,92,7208,37,59,24,46,202,70,9847,222,23,92,5,1364,16018,3339,9000,309,453,11178,1673,322,1214,7,3,77,773,398
20,117,589,3,0,1,140,12,101,8,6,2,20,16,1,2058,153,2,25,2,363,1400,4040,329,15,175,2401,365,36,218,1,1,12,236,748,994,905,879,470,152,30,9,7057,7966,12916,5191,679,560,28,424,334,22833,23,2,46,7065,293,250,97,105,15,69,535,3,14475,10575,57,810,15,33824,3339,151947,1326,15,2511,23326,6590,337,10623,1,9,39,7341,1559
304,18,56,507,1,149,1592,503,2434,592,0,265,15,650,41,185,22,0,2,418,269,311,291,3288,2,12,101,2458,902,859,0,9,169,324,231,1278,154,568,112,400,60,8,4358,500,2866,752,2211,507,20,2287,313,208,4607,29,840,11264,2496,18185,2380,60,5218,23,3889,948,7881,71,9,29,2620,1686,9000,1326,75323,31,91,1022,25414,4187,5486,2,28,533,1835,559
1,27,9,0,0,0,1,0,2,0,1515,0,1490,1,0,1,18,171,159,0,0,6,4,1,2540,822,1356,1,2,1,222,0,0,95,4,15,527,321,19,1,1,293,69,2312,1014,61,11,2,2298,3,3025,7,0,0,2,7,8,55,0,5174,1,11207,10,1,28,10,458,153,5,4,309,15,31,6277,1910,8636,6,20,8,375,1,1,274,2
1,545,455,0,0,0,4,1,13,2,848,0,692,4,0,47,412,314,594,0,22,79,199,14,1405,3433,8644,13,4,26,201,0,2,284,234,268,943,738,172,19,4,63,3299,18290,14819,2754,124,116,308,60,2954,14860,1,0,32,425,111,57,18,26461,13,5937,129,7,305,4663,17853,18337,6,345,453,2511,91,1910,137333,61539,202,210,412,5176,30,0,6455,289
19,2122,2757,2,0,1,93,12,76,8,1185,0,949,28,1,718,1455,408,931,2,288,1184,2512,149,2077,5560,22335,197,39,222,308,0,6,744,648,1184,2415,2209,719,142,60,84,8060,22494,16503,5299,413,439,241,138,21796,19234,9,4,29,1808,137,542,56,4418,12,12664,203,16,11811,6866,2450,5579,5,2004,11178,23326,1022,8636,61539,211743,1718,245,1412,3252,20,31,5723,1010
154,8,52,156,0,75,736,242,822,277,1,69,13,297,19,182,18,0,2,174,161,230,265,1513,1,20,172,1238,417,468,0,2,77,178,147,604,121,358,82,165,35,1,3202,650,2679,821,867,342,9,1734,67,1208,10993,10,1942,36626,2467,1819,17789,30,719,19,3243,184,6167,310,7,60,2555,11112,1673,6590,25414,6,202,1718,122874,2667,16174,1,25,355,2030,488
88,9,12,28,0,24,455,112,373,76,5,11,11,182,3,34,4,1,1,39,116,67,63,786,11,10,36,799,277,307,2,0,54,118,134,449,46,209,46,78,15,2,2570,415,8398,932,1924,4061,128,16385,37,85,194,2605,3033,3282,8543,954,1216,700,656,182,24348,241,170,62,82,66,360,285,322,337,4187,20,210,245,2667,138414,12135,32,4606,13355,13445,462
76,21,59,12,0,15,384,76,424,49,1,4,9,137,3,166,24,0,5,13,205,218,261,756,4,24,207,767,254,375,0,1,54,131,317,604,107,290,103,93,26,0,4196,857,6944,1757,422,306,14,4800,84,1508,41,3,74,15797,570,1241,126,44,43,16,1775,15,1313,1032,18,196,26,22248,1214,10623,5486,8,412,1412,16174,12135,89019,2,14,965,8663,870
0,1,2,0,0,0,0,0,0,0,157,0,129,0,0,0,2,19,20,0,0,0,0,0,157,77,95,0,0,0,18,0,0,9,0,0,38,30,2,0,0,14,24,844,652,38,4,5,100,0,43,1,0,1,4,1,15,1,1,6556,0,11017,20,1,1,1,437,33,0,1,7,1,2,375,5176,3252,1,32,2,3828,5,0,263,0
0,0,0,1,0,0,3,0,3,1,2,0,3,1,0,0,0,0,0,0,0,0,0,9,1,0,3,6,0,1,1,0,1,0,3,3,1,1,0,0,0,0,79,61,701,33,710,5476,46,19,1,2,2,4050,1839,47,5708,5,45,143,30,37,2184,37,7,1,7,7,13,2,3,9,28,1,30,20,25,4606,14,5,8716,3,1792,5
6,0,2,0,0,3,41,9,58,7,0,1,0,17,0,7,3,0,0,3,13,15,13,87,0,1,5,105,33,56,0,0,10,12,30,49,7,29,8,9,3,0,316,56,1273,202,66,105,3,477,1,5,4,2,14,142,51,153,16,6,8,3,269,1,40,2,0,4,5,53,77,39,533,1,0,31,355,13355,965,0,3,5852,2476,127
30,49,82,8,0,10,161,27,152,22,80,8,70,42,2,136,39,23,35,10,87,180,243,351,133,238,797,286,101,124,22,0,8,95,179,230,149,181,74,51,13,7,2192,3102,44850,1771,1295,1816,452,957,321,879,79,305,670,1873,2576,392,497,11018,305,1410,3835,108,1125,4453,2131,5597,150,6444,773,7341,1835,274,6455,5723,2030,13445,8663,263,1792,2476,37063,461
17,23,157,5,1,10,111,19,106,21,12,8,108,43,3,160,97,14,53,9,414,205,913,220,6,211,613,230,171,229,3,6,27,253,53461,2658,2008,1655,2706,1693,376,86,4850,3007,2797,3893,1181,671,39,141,57,177,30,2,44,441,134,129,96,90,48,63,218,8,746,108,35,85,41,848,398,1559,559,2,289,1010,488,462,870,0,5,127,461,316311
